-0.0022911739611602144 -5.0645967065998665e-08 1.0350556522986665e-09
7.0588679791518116e-05 -3.1105666320474512e-08 -4.1913316484176733e-08
0.00024003022743670534 3.8291865622763765e-08 7.2722946470316074e-08
-0.00022552051641194781 5.7237999895320968e-08 -4.2823498080934996e-09
0.0003990534120354083 -2.1477655071100443e-08 4.8051586432062976e-08
1.7438961856935942e-05 -0.00017056573746475215 -1.3089884665085094e-07
-0.00015381285711669806 -0.00016662193274026571 -1.0168153818934655e-08
0.00023223015151754324 -0.00017556971296258501 4.6269391651421188e-08
-0.00023277945634218172 -0.00016287314513861511 1.9532419981427296e-07
0.0001855208747839625 -0.00017298536192545831 -7.6488564093590838e-08
1.3925016975835369e-05 0.00023269677784606502 2.4949213861535924e-08
-0.00017599555127515917 0.00022594921695143124 2.0755062057897788e-08
0.00023923586303269953 0.00023598764765150166 4.8804096319798873e-09
-0.00022762156036899026 0.00023040942076120625 -1.1868697080696933e-08
0.00016250048880611006 0.00023870815305606242 -4.5681448068712882e-08
1.3831280075982111e-05 -0.00023262491329523183 6.2290606894777056e-08
-0.00017604955654326043 -0.00022595750027909478 6.4964342183504442e-08
0.00023921298273709649 -0.00023614518516628128 1.3517534147577948e-08
-0.00022751700682815262 -0.00023041149448792264 -1.8978971727534599e-08
0.00016258480389128895 -0.00023853669620355067 3.417191274390774e-08
1.7332665415287218e-05 0.00017060012739253914 1.2370360671920544e-07
-0.00015391148063928842 0.00016657083621741736 6.3654701509818779e-08
0.00023223182396751689 0.00017556414575239238 6.5701230400616595e-08
-0.00023260707221761656 0.00016278831529982539 3.0509095583219903e-08
0.00018564855419982553 0.00017281614141697655 5.6736461446880862e-08
1.7510679357013448e-05 -5.9564778803755658e-08 -0.00017061750005708046
-0.00015383398187386035 5.4681150540341905e-08 -0.0001666655030779945
0.00023221271567853584 1.0634385516627987e-07 -0.00017555524348408921
-0.00023280526801372492 8.1428827181095897e-08 -0.00016291751394899301
0.00018560583849099271 -1.2876337829315077e-08 -0.00017299629181576374
-1.1072372991178842e-05 -0.00017003411111494852 -0.00016986780473339513
-0.00019268917550629939 -0.00018008050679860243 -0.00017999274804002263
0.00023307591496711457 -0.00016973952191901009 -0.0001697525981425238
-0.00023122720842874006 -0.00016872927200023424 -0.00016874678890654166
0.00014691678387851546 -0.0001593797209158386 -0.00015938811233188327
-1.1771835549149665e-06 0.00023244175004903667 -0.00016925007967945067
-0.0001776750367629414 0.00023141942049195231 -0.00017088101586787982
0.00023510460365820879 0.00023542919343956265 -0.00016491824639570246
-0.00023126391865129631 0.000230504470479762 -0.00017258512213780622
0.00016081289141788707 0.00023248889952432643 -0.00016773089504671518
-1.2735285372378335e-06 -0.00023230342972979656 -0.00016920806091488719
-0.00017775572559605235 -0.00023146290825628441 -0.0001709245588210756
0.00023512266967644704 -0.00023552119266751631 -0.00016491231104362458
-0.00023120299844978098 -0.00023050632177479269 -0.0001725651838359165
0.0001608893982562149 -0.00023236807549453786 -0.00016766105877054956
-1.1127028272051032e-05 0.00016990293254893498 -0.00017007000451774341
-0.00019279111741255656 0.00018007799649914953 -0.00018008403266236983
0.00023308798171202405 0.00016976852342735077 -0.00016978641044926301
-0.00023107262226695902 0.00016858107095295895 -0.00016865647527466901
0.00014699669187953347 0.00015931501140310214 -0.00015944016437147244
1.3900577426922966e-05 -7.820409014813734e-09 0.00023264139943637353
-0.0001759663856371026 -2.9096944298423466e-09 0.00022600718722380272
0.00023935596869369396 3.0911544934841828e-08 0.00023608662828111435
-0.00022775531103880198 -3.9446435007306491e-10 0.00023059059837715655
0.00016259457862020945 8.0502482346922477e-08 0.00023869392214873227
-1.2047888042502003e-06 -0.00016929018608154416 0.00023236009102821711
-0.00017764894705846884 -0.00017085319350476635 0.00023156261276867721
0.00023503010869496601 -0.00016492798465230635 0.00023558518931861717
-0.00023127451101767615 -0.00017262952928779468 0.00023060181533047066
0.0001608606323109205 -0.00016779183203145809 0.00023261824939387705
-2.7591625066472093e-06 0.00023334154790876022 0.0002332508462211634
-0.00017292079176973833 0.00023677073191308642 0.00023681830510807137
0.00022282209607302336 0.00024180077957949788 0.00024190622598201528
-0.00024558281698656287 0.00022586636816426938 0.00022583613165079799
0.00016448504877559014 0.00022916728295073116 0.00022911843847613772
-2.9106756560537406e-06 -0.00023323750921511177 0.0002332279811627278
-0.00017302175425908638 -0.00023687095481020326 0.00023678859544947134
0.00022293258916650282 -0.00024189494864829055 0.00024190793013779738
-0.0002455213976941123 -0.0002258505985646142 0.00022592098866453555
0.00016453869858312786 -0.00022900914996015764 0.00022909929041279003
-1.2823092683245108e-06 0.00016925359761623023 0.00023233788347584413
-0.00017774197991426294 0.00017104091660305492 0.00023147564920755846
0.0002352181541053636 0.00016495989975948648 0.00023560750371186354
-0.00023128969855204518 0.00017249030341745519 0.00023069245044160525
0.00016088396247321171 0.00016759034584809977 0.00023251702890416878
1.3910583081866434e-05 2.6994032564786608e-09 -0.00023260233860034063
-0.00017607745834095304 2.3060824805298807e-08 -0.00022598112247251834
0.00023927669130789468 4.9608290697555901e-08 -0.00023624530420840451
-0.00022760045367276743 -5.312067852258906e-08 -0.00023061573418348136
0.00016258815614356571 1.4329351705200111e-08 -0.00023855172047171358
-1.2652652144895526e-06 -0.00016924466833105134 -0.00023231102736587239
-0.00017766743927036493 -0.00017090212736389776 -0.00023147758559716181
0.00023502119310296696 -0.00016487775654366128 -0.00023551958381839988
-0.00023124819457089746 -0.00017252367274953832 -0.00023062811021024032
0.00016088441858460331 -0.00016771183536355445 -0.00023244010154277461
-2.8616705975426093e-06 0.00023324400070826555 -0.00023325432986998074
-0.00017290482722171364 0.00023675527987754969 -0.00023682093479071575
0.00022274370526909233 0.00024176693209522222 -0.00024185755679950738
-0.00024552207349087807 0.00022580928279557558 -0.00022584033898653821
0.00016449402394038142 0.00022911471086591202 -0.00022910112411422823
-2.9030685182451776e-06 -0.00023323919547191263 -0.00023331463721332213
-0.0001729475900176889 -0.00023692711070820438 -0.00023677076554928789
0.00022291261111733168 -0.00024181594280414664 -0.00024189553545550524
-0.00024552619426818079 -0.00022571459270936955 -0.00022587959778141986
0.00016449112515509517 -0.00022896772304448199 -0.00022908567990564954
-1.2949303573872584e-06 0.00016924207505053437 -0.00023231001664980599
-0.00017776061298270225 0.00017100658926730121 -0.00023147603185491583
0.00023519854726728124 0.00016490350410551459 -0.00023563306367035963
-0.00023119694129922208 0.0001725108612154469 -0.00023064245827777302
0.00016080248006808059 0.00016760796772918168 -0.00023242881137175431
1.7498942092550795e-05 -8.2016881023019766e-08 0.00017053785825340683
-0.00015394268553852288 7.6194109702138564e-08 0.00016650307598648742
0.00023212321653146278 9.6904257106874764e-08 0.00017560064437827983
-0.00023266239151056856 -2.3612811621051403e-08 0.00016287716085644044
0.00018568207135934807 8.5454383858094858e-08 0.00017284377456761729
-1.1119592498557676e-05 -0.00016998458831768838 0.00016989024100089352
-0.00019273984982553691 -0.00018008141838943628 0.00017996168222034594
0.0002330931522254952 -0.0001695890131194807 0.00016965281580754148
-0.00023112288192143199 -0.00016861517644758267 0.00016869039121654959
0.00014702413389361884 -0.00015932834990146916 0.00015928718426835853
-1.2607738398286942e-06 0.00023223935454209661 0.00016924044689993999
-0.00017763207688796892 0.00023140375104137951 0.00017089856500034084
0.00023506818317662378 0.00023544851816961971 0.00016490288722847274
-0.00023122390894833589 0.00023056066618186563 0.00017255776977460804
0.00016084730348649851 0.00023240825814781641 0.00016767028137204196
-1.2330482421005337e-06 -0.00023225928007308133 0.00016927700391804711
-0.00017770519511643734 -0.00023151228012691094 0.0001709233905583165
0.00023513147216270864 -0.00023562719396783005 0.00016483474904570718
-0.00023115458875535341 -0.00023052219110393686 0.00017252023877195599
0.0001608113517330386 -0.00023236240643819545 0.00016768353117342129
-1.1109429054603727e-05 0.00017000782991023755 0.00016996166770651827
-0.00019287048270626161 0.00018015735189486765 0.00017998550894584436
0.00023311105296393688 0.00016967042253209635 0.00016964697946281887
-0.00023101685306667341 0.00016857464002990527 0.00016859735156950217
0.00014691787952432478 0.00015930160372396723 0.00015933565434621266
-1.6018457586354029e-05 -5.9719204050245629e-05 -5.9635183024535354e-05
0.00016962839074857738 -0.00022639473268429994 -0.00022635164555251386
-4.9235577603700016e-06 -0.00023325037524233347 -0.00023323273733231661
-0.00016808827720438298 -0.00023963243915589463 -0.00023960155128949657
0.00044728741007562384 -0.00040365634935170909 -0.00040356617716772597
-0.00022708078317737121 0.00017546788160800394 -0.00022411086950219726
0.0001654170140138393 0.00017001459761969984 -0.00023277319504022218
-6.2006497429060049e-07 0.00016912668563334038 -0.00023231098788726104
-0.00017351012044911594 0.00016850608778055248 -0.00023112659646352951
0.0002390633446181234 0.00016222648444456228 -0.00024211281758493991
-0.00022820519516105896 -5.3225406020530192e-08 -0.00023071244133462954
0.00016645635654508051 -7.6096690543557622e-08 -0.00023484312603403931
4.1685977027114667e-06 -5.5796684011352569e-08 -0.00023266611586288122
-0.00017215324691264005 -1.9213345036801235e-09 -0.00022989564011777208
0.00023862614160531648 -7.3504647165809067e-08 -0.00023598612448773315
-0.00022723759610814736 -0.00017539436145713435 -0.00022403881645147866
0.00016539584923894873 -0.00017005412979742931 -0.00023274184924585058
1.6493961141209393e-07 -0.00016920566744293986 -0.00023227183472332436
-0.0001733772921939001 -0.00016851138104166533 -0.00023117182681387655
0.00023905717731673853 -0.00016211658643526528 -0.00024214245058453571
-1.6135227982111075e-05 5.9620877894697721e-05 -5.9572419278919667e-05
0.0001696575935076286 0.00022647519339278471 -0.0002263623738597044
-4.9228191914556414e-06 0.00023336494083880249 -0.00023328975185510359
-0.00016794005187075172 0.00023961219014657963 -0.00023956166013884735
0.00044724987926721832 0.0004034817958035869 -0.00040366605284527721
-0.00022716120139642572 -0.00022408173977453774 0.00017541053453963481
0.00016544159880454989 -0.00023274099371304972 0.00016996554875817194
9.8553937257308578e-08 -0.00023244669750293288 0.00016918991560121999
-0.00017345506013032724 -0.0002311072651866794 0.00016860427498290725
0.00023910766207876216 -0.00024210510246864582 0.00016223155959100427
-0.00022416272510451113 0.00016834622682775774 0.00016836855405513024
0.0001635039416993736 0.00015819845974655855 0.00015824255856203978
9.7981760956058605e-06 0.00016975102261015257 0.0001697069642601981
-0.00017635250723280205 0.00018130172585040152 0.00018125547516494728
0.00023957366313841905 0.00017004779979455653 0.00017009411402718611
-0.00022926068104719532 3.5506091675934078e-08 0.00016666851194396121
0.00017001515074575868 -5.7890779630408841e-08 0.00016181090226959766
1.6740228177088666e-05 -6.5345942680650301e-08 0.00016975901520487752
-0.0001699797556883537 5.9781738981042746e-07 0.00017792143504129221
0.00023545981793871365 2.109285469092839e-09 0.00017165391880626102
-0.00022441531424195402 -0.00016841851610450076 0.00016832735666271609
0.00016356532301785298 -0.00015822630579773785 0.00015818085933724801
9.9054198086437339e-06 -0.0001697063133136471 0.00016972891292976744
-0.00017627531380432285 -0.00018127274381637189 0.00018132155325465554
0.00023959406425876073 -0.00017010436223947325 0.00017011564380580574
-0.00022713574126929491 0.0002240824167347652 0.00017544912622975695
0.00016541526054759254 0.00023291098613324041 0.00016994654782347823
8.4413098834122072e-07 0.00023244856153577936 0.0001692733115770742
-0.00017343674843132203 0.00023105096044814116 0.00016849615647149263
0.00023906592334283633 0.00024201632867192763 0.00016225609714249495
-0.00022812521245419131 -0.00023061001868981794 7.3434106883860095e-08
0.00016643850129815368 -0.00023467760394852918 2.7522184132822554e-08
4.2330482122279094e-06 -0.00023270814667246043 -5.5491980177624356e-08
-0.00017221322777619683 -0.00022980308787914905 -6.7682163943901322e-07
0.00023855810309828971 -0.00023588842953728775 5.738453750878808e-07
-0.00022918424147402123 0.00016653786370367935 5.8963268662146767e-08
0.00016999279312012588 0.00016180590245724186 1.1600399332095668e-08
1.6021687390161245e-05 0.00016968782890149775 8.3730137238544056e-08
-0.00016995017589911416 0.00017780055678374984 -4.976728355319864e-07
0.00023540089351726384 0.00017151100684702908 1.0818912720181759e-07
-0.00023550470445564777 -1.250505550510039e-08 4.7946365473814506e-09
0.00017385837712232321 -1.1669024642868217e-07 5.4225889872111521e-09
5.7416334401383124e-05 1.1861519405576004e-09 -4.1046516241483033e-08
-0.00016564392239417584 5.9770477928156041e-08 6.7760669156258224e-07
0.00022983219956959622 -2.9642631901166672e-08 8.643113867407709e-09
-0.00022939174487227737 -0.00016669673341800778 3.0908671913576491e-08
0.00017009207260032522 -0.00016183369017800427 -3.9299045528212728e-09
1.6892229500925331e-05 -0.00016969030670942512 8.1638982352139067e-08
-0.0001699642904126259 -0.00017786423283280275 1.2953799647715971e-06
0.00023540079743147868 -0.00017161151487019 1.973301269714189e-07
-0.00022820210641733658 0.00023067294197295224 3.9709112037173561e-08
0.00016643941112037819 0.00023485171137185151 -1.5250299316435316e-08
4.303878941382339e-06 0.00023269990973844758 1.2119546575302051e-08
-0.00017229300794538265 0.00022979616649915907 2.8194472364050633e-07
0.00023864689736093764 0.00023589053019671888 -3.6373495253738328e-08
-0.00022709032914897782 -0.00022406331095259358 -0.00017542979164873133
0.00016524444699601848 -0.00023265485759997942 -0.00017003933364065382
7.6725683859687338e-08 -0.00023224074506596887 -0.00016931578493298294
-0.00017337178887909558 -0.00023103465813321261 -0.00016856320422966242
0.00023904187276568845 -0.00024204004581280451 -0.00016223631615245953
-0.00022421694097113885 0.000168262307881549 -0.00016843719783631722
0.00016353771669272432 0.00015816715654468072 -0.00015832575570466113
9.7097407238516112e-06 0.00016968119310436375 -0.00016978445827429403
-0.00017629030531075124 0.00018124129301441976 -0.00018136427573000029
0.00023960947429942786 0.00016995572619074584 -0.0001700588190074459
-0.00022926225923111031 -2.5653291989122401e-09 -0.00016676845076512886
0.0001700480175752736 -9.2409387697717574e-08 -0.00016189314744304191
1.6822506750273087e-05 2.1987857808389884e-08 -0.00016970463364083979
-0.00016998123272985105 1.5306808614388371e-08 -0.00017785066873998788
0.00023541201513876432 1.9164117478055151e-08 -0.0001716754276874996
-0.00022442142608368292 -0.00016833498734047415 -0.00016842978368493237
0.00016355854668398395 -0.00015829175889094571 -0.00015827682720805683
9.9095655366372715e-06 -0.00016975424086806946 -0.00016979680830635419
-0.00017631134060543162 -0.00018122368111337436 -0.00018133953873890828
0.0002395185094651725 -0.0001700436907932963 -0.00017011613721189625
-0.00022718700222965158 0.00022410535797041942 -0.00017539150638001908
0.00016527212492795096 0.00023285491920298912 -0.00017007382720907183
3.6001894246730833e-07 0.00023227709461870125 -0.00016935179235318449
-0.00017338178051582321 0.00023103218261887742 -0.00016861953010556541
0.00023907570261305633 0.00024210676243090895 -0.00016223666820039439
-1.6016644257773639e-05 -5.9651611588802146e-05 5.9614039897001869e-05
0.00016952765920741353 -0.00022633546203253661 0.00022645378480894846
-4.884615287851406e-06 -0.00023325960647447869 0.00023337314392591485
-0.00016795071910948511 -0.00023954447045782673 0.00023957882126839775
0.00044725286212416501 -0.00040354944998900939 0.00040351489463526236
-0.00022713815674924465 0.00017541532347320477 0.0002240744917489457
0.00016550353742900148 0.00017000718192059644 0.00023277311510883775
7.9596780264915967e-07 0.00016920081348107546 0.00023233630076215095
-0.00017341900696381208 0.00016846119160657258 0.0002311403061371637
0.00023898762490460372 0.0001621329268152033 0.00024205188415557521
-0.00022825142235967204 5.0751986594625795e-07 0.00023069769212510222
0.00016651392765700684 -6.1807561704341554e-09 0.00023483988405021555
4.2493018939615502e-06 -9.1943622338009316e-08 0.00023267326399781241
-0.00017219638728836317 2.7240499351043469e-09 0.00022980514762058202
0.0002386404360177688 -1.0235120375086593e-06 0.00023602007157730309
-0.00022720500423417265 -0.00017544453443939841 0.00022412596340933705
0.00016534184708300037 -0.0001700568379331374 0.00023285985342393761
3.1065084086698801e-07 -0.00016926744155917829 0.00023237574092376369
-0.00017337287969107561 -0.00016851281107085591 0.00023113126930716238
0.00023894994446343326 -0.00016217105728651105 0.00024211943910231598
-1.6142696600348201e-05 5.9712837061946626e-05 5.9557229724612176e-05
0.00016953926959326071 0.00022650432622921919 0.00022640817792708018
-5.408057063614833e-06 0.00023335583495277703 0.00023340816066559633
-0.00016798255949379212 0.00023946656248456655 0.00023955152725655543
0.00044727727702206788 0.00040351580577983881 0.0004036451074991565
